11110100
10011001
01111100
00111011
01111100
10111110
01101111
10010110
11110010
10011100
00000111
00001000
10000101
00011001
00001010
00111111
10111001
10101110
01010001
01000101
11110000
10010101
00111101
01011011
00111111
00101110
00111110
01101001
10001010
00100000
11000111
10111001
01111010
10001100
11101100
11011101
01100000
01010101
01101011
10000101
00110101
11011111
11111111
10000010
01011111
01111111
10011110
11110111
00101100
00001111
10001011
10010110
11000001
00111101
00011100
00000000
10111010
10001111
10101001
10000100
11110010
01110010
00110110
00110000
