10001110
10011100
01110010
01010001
01010100
11010100
01011011
11000010
00010011
11011101
10100011
10010010
01110011
00010000
10110100
10011110
11000010
10000111
11101111
01101110
10001111
00011110
11111101
10010101
01010000
10011000
00000010
10011011
11101011
11000000
10000001
01101011
11101000
10001010
01000001
00001000
01001011
01000011
01101101
10111011
11100100
01100111
10010110
00000101
11010011
11000101
11001110
01001001
01101100
10001110
10111110
10110000
11111101
00101000
00010010
11000011
11011001
00001101
11111100
10010010
01111100
11100000
00100111
01011110
